[[-121.28935070814255], [705.8050086806725], [-695.9481903615191]]
[[-122.94717139194843], [706.6916901150804], [-701.4742816756353]]
[[-124.61483729743782], [707.5836372427987], [-707.0331905281996]]
[[-127.13498865063946], [709.5374585650353], [-715.4337290419394]]
[[-127.98005767334575], [709.3835173258235], [-718.2506371863626]]
[[-128.8276547484034], [709.2291155662265], [-721.0759722060667]]
[[-129.67779123693649], [709.0742512166555], [-723.9097719716184]]
[[-130.530478568247], [708.918922195102], [-726.7520745808453]]
[[-131.38572824032755], [708.7631264070444], [-729.6029183605449]]
[[-131.38572824032755], [707.5421735620855], [-729.6029183605449]]
[[-131.38572824032755], [706.3212207171263], [-729.6029183605449]]
[[-131.38572824032755], [705.1002678721674], [-729.6029183605449]]
[[-131.38572824032755], [703.8793150272082], [-729.6029183605449]]
[[-131.38572824032755], [702.6583621822492], [-729.6029183605449]]
[[-131.38572824032755], [701.4374093372902], [-729.6029183605449]]
[[-131.38572824032755], [700.2164564923312], [-729.6029183605449]]
[[-131.38572824032755], [698.9955036473721], [-729.6029183605449]]
[[-131.38572824032755], [697.774550802413], [-729.6029183605449]]
[[-131.38572824032755], [696.553597957454], [-729.6029183605449]]
[[-131.38572824032755], [695.332645112495], [-729.6029183605449]]
[[-131.38572824032755], [694.111692267536], [-729.6029183605449]]
[[-131.38572824032755], [692.8907394225769], [-729.6029183605449]]
[[-131.38572824032755], [691.669786577618], [-729.6029183605449]]
[[-131.38572824032755], [690.4488337326587], [-729.6029183605449]]
[[-130.530478568247], [688.1938634180284], [-726.7520745808453]]
[[-130.530478568247], [686.9747423134945], [-726.7520745808453]]
[[-130.530478568247], [685.755621208961], [-726.7520745808453]]
[[-130.530478568247], [684.5365001044272], [-726.7520745808453]]
[[-130.530478568247], [683.3173789998933], [-726.7520745808453]]
[[-130.530478568247], [682.0982578953597], [-726.7520745808453]]
[[-130.530478568247], [680.879136790826], [-726.7520745808453]]
[[-130.530478568247], [679.6600156862922], [-726.7520745808453]]
[[-130.530478568247], [678.4408945817584], [-726.7520745808453]]
[[-130.530478568247], [677.2217734772248], [-726.7520745808453]]
[[-130.530478568247], [676.0026523726909], [-726.7520745808453]]
[[-130.530478568247], [674.7835312681572], [-726.7520745808453]]
[[-130.530478568247], [673.5644101636236], [-726.7520745808453]]
[[-130.530478568247], [672.3452890590897], [-726.7520745808453]]
[[-130.530478568247], [671.126167954556], [-726.7520745808453]]
[[-130.530478568247], [669.9070468500223], [-726.7520745808453]]
[[-130.530478568247], [668.6879257454884], [-726.7520745808453]]
[[-130.530478568247], [667.4688046409548], [-726.7520745808453]]
[[-130.530478568247], [666.2496835364211], [-726.7520745808453]]
[[-130.530478568247], [665.0305624318872], [-726.7520745808453]]
[[-130.530478568247], [663.8114413273536], [-726.7520745808453]]
[[-130.530478568247], [662.5923202228198], [-726.7520745808453]]
[[-130.530478568247], [661.373199118286], [-726.7520745808453]]
[[-130.530478568247], [660.1540780137523], [-726.7520745808453]]
[[-130.530478568247], [658.9349569092185], [-726.7520745808453]]
[[-130.530478568247], [657.7158358046848], [-726.7520745808453]]
[[-130.530478568247], [656.4967147001511], [-726.7520745808453]]
[[-130.530478568247], [655.2775935956174], [-726.7520745808453]]
[[-130.530478568247], [654.0584724910835], [-726.7520745808453]]
[[-130.530478568247], [652.8393513865499], [-726.7520745808453]]
[[-130.530478568247], [651.620230282016], [-726.7520745808453]]
[[-130.530478568247], [650.4011091774823], [-726.7520745808453]]
[[-130.530478568247], [649.1819880729486], [-726.7520745808453]]
[[-130.530478568247], [647.9628669684148], [-726.7520745808453]]
[[-130.530478568247], [646.7437458638811], [-726.7520745808453]]
[[-130.530478568247], [645.5246247593475], [-726.7520745808453]]
[[-130.530478568247], [644.3055036548137], [-726.7520745808453]]
[[-130.530478568247], [643.08638255028], [-726.7520745808453]]
[[-130.530478568247], [641.8672614457462], [-726.7520745808453]]
[[-130.530478568247], [640.6481403412124], [-726.7520745808453]]
[[-130.530478568247], [639.4290192366786], [-726.7520745808453]]
[[-130.530478568247], [638.209898132145], [-726.7520745808453]]
[[-130.530478568247], [636.9907770276111], [-726.7520745808453]]
[[-130.530478568247], [635.7716559230774], [-726.7520745808453]]
[[-130.530478568247], [634.5525348185438], [-726.7520745808453]]
[[-130.530478568247], [633.3334137140099], [-726.7520745808453]]
[[-130.530478568247], [632.1142926094763], [-726.7520745808453]]
[[-130.530478568247], [630.8951715049426], [-726.7520745808453]]
[[-130.530478568247], [629.6760504004087], [-726.7520745808453]]
[[-130.530478568247], [628.456929295875], [-726.7520745808453]]
[[-130.530478568247], [627.2378081913413], [-726.7520745808453]]
[[-130.530478568247], [626.0186870868075], [-726.7520745808453]]
[[-130.530478568247], [624.7995659822739], [-726.7520745808453]]
[[-130.530478568247], [623.5804448777399], [-726.7520745808453]]
[[-130.530478568247], [622.3613237732063], [-726.7520745808453]]
[[-130.530478568247], [621.1422026686726], [-726.7520745808453]]
[[-129.67779123693649], [618.9944321664302], [-723.9097719716184]]
[[-129.67779123693649], [617.7771373144001], [-723.9097719716184]]
[[-129.67779123693649], [616.55984246237], [-723.9097719716184]]
[[-129.67779123693649], [615.34254761034], [-723.9097719716184]]
[[-129.67779123693649], [614.12525275831], [-723.9097719716184]]
[[-129.67779123693649], [612.9079579062799], [-723.9097719716184]]
[[-129.67779123693649], [611.6906630542499], [-723.9097719716184]]
[[-129.67779123693649], [610.4733682022197], [-723.9097719716184]]
[[-129.67779123693649], [609.2560733501896], [-723.9097719716184]]
[[-129.67779123693649], [608.0387784981596], [-723.9097719716184]]
[[-129.67779123693649], [606.8214836461295], [-723.9097719716184]]
[[-129.67779123693649], [605.6041887940994], [-723.9097719716184]]
[[-129.67779123693649], [604.3868939420694], [-723.9097719716184]]
[[-129.67779123693649], [603.1695990900394], [-723.9097719716184]]
[[-129.67779123693649], [601.9523042380092], [-723.9097719716184]]
[[-129.67779123693649], [600.7350093859792], [-723.9097719716184]]
[[-129.67779123693649], [599.5177145339491], [-723.9097719716184]]
[[-129.67779123693649], [598.3004196819192], [-723.9097719716184]]
[[-129.67779123693649], [597.0831248298889], [-723.9097719716184]]
[[-129.67779123693649], [595.8658299778589], [-723.9097719716184]]
[[-129.67779123693649], [594.6485351258289], [-723.9097719716184]]
[[-129.67779123693649], [593.4312402737987], [-723.9097719716184]]
[[-129.67779123693649], [592.2139454217687], [-723.9097719716184]]
[[-129.67779123693649], [590.9966505697386], [-723.9097719716184]]
[[-129.67779123693649], [589.7793557177085], [-723.9097719716184]]
[[-129.67779123693649], [588.5620608656784], [-723.9097719716184]]
[[-129.67779123693649], [587.3447660136484], [-723.9097719716184]]
[[-129.67779123693649], [586.1274711616184], [-723.9097719716184]]
[[-129.67779123693649], [584.9101763095882], [-723.9097719716184]]
[[-129.67779123693649], [583.6928814575582], [-723.9097719716184]]
[[-129.67779123693649], [582.4755866055281], [-723.9097719716184]]
[[-129.67779123693649], [581.2582917534979], [-723.9097719716184]]
[[-129.67779123693649], [580.0409969014679], [-723.9097719716184]]
[[-129.67779123693649], [578.8237020494379], [-723.9097719716184]]
[[-129.67779123693649], [577.6064071974079], [-723.9097719716184]]
[[-129.67779123693649], [576.3891123453777], [-723.9097719716184]]
[[-129.67779123693649], [575.1718174933477], [-723.9097719716184]]
[[-170.76065053520728], [615.441650785948], [-860.853190608454]]
[[-172.7248473200039], [616.1156845535268], [-867.40053972631]]
[[-172.7248473200039], [614.8061931939837], [-867.40053972631]]
[[-172.7248473200039], [613.4967018344407], [-867.40053972631]]
[[-172.7248473200039], [612.1872104748977], [-867.40053972631]]
[[-172.7248473200039], [610.8777191153547], [-867.40053972631]]
[[-172.7248473200039], [609.5682277558117], [-867.40053972631]]
[[-172.7248473200039], [608.2587363962687], [-867.40053972631]]
[[-172.7248473200039], [606.9492450367255], [-867.40053972631]]
[[-172.7248473200039], [605.6397536771825], [-867.40053972631]]
[[-172.7248473200039], [604.3302623176394], [-867.40053972631]]
[[-172.7248473200039], [603.0207709580964], [-867.40053972631]]
[[-172.7248473200039], [601.7112795985533], [-867.40053972631]]
[[-171.74116885683304], [599.4358185109414], [-864.121598243488]]
[[-172.7248473200039], [599.0922968794672], [-867.40053972631]]
[[-172.7248473200039], [597.7828055199243], [-867.40053972631]]
[[-172.7248473200039], [596.4733141603813], [-867.40053972631]]
[[-172.7248473200039], [595.1638228008381], [-867.40053972631]]
[[-172.7248473200039], [593.8543314412951], [-867.40053972631]]
[[-172.7248473200039], [592.544840081752], [-867.40053972631]]
[[-172.7248473200039], [591.235348722209], [-867.40053972631]]
[[-172.7248473200039], [589.925857362666], [-867.40053972631]]
[[-172.7248473200039], [588.616366003123], [-867.40053972631]]
[[-172.7248473200039], [587.3068746435799], [-867.40053972631]]
[[-172.7248473200039], [585.997383284037], [-867.40053972631]]
[[-172.7248473200039], [584.6878919244938], [-867.40053972631]]
[[-172.7248473200039], [583.3784005649509], [-867.40053972631]]
[[-172.7248473200039], [582.0689092054077], [-867.40053972631]]
[[-172.7248473200039], [580.7594178458647], [-867.40053972631]]
[[-172.7248473200039], [579.4499264863217], [-867.40053972631]]
[[-171.74116885683304], [577.2102810702152], [-864.121598243488]]
[[-143.63487630606815], [549.3861346335502], [-770.4335771842823]]
[[-143.63487630606815], [548.1389470405171], [-770.4335771842823]]
[[-142.74250684772338], [546.0536797707261], [-767.4590002828644]]
[[-142.74250684772338], [544.8084034198303], [-767.4590002828644]]
[[-142.74250684772338], [543.5631270689344], [-767.4590002828644]]
[[-128.8276547484034], [529.3389542685594], [-721.0759722060667]]
[[-128.8276547484034], [528.1234802057373], [-721.0759722060667]]
[[-128.8276547484034], [526.9080061429153], [-721.0759722060667]]
[[-128.8276547484034], [525.6925320800932], [-721.0759722060667]]
[[-169.7832771512571], [562.327010959852], [-857.5952661414385]]
[[-171.74116885683304], [562.8290509615097], [-864.121598243488]]
[[-171.74116885683304], [561.5216664061729], [-864.121598243488]]
[[-228.64440026954625], [612.4369154437303], [-1053.7998040510354]]
[[-228.64440026954625], [611.0076577644259], [-1053.7998040510354]]
[[-228.64440026954625], [609.5784000851212], [-1053.7998040510354]]
[[-229.82019842775603], [609.2206699851394], [-1057.7191471094898]]
[[-229.82019842775603], [607.7888940271512], [-1057.7191471094898]]
[[-229.82019842775603], [606.3571180691631], [-1057.7191471094898]]
[[-229.82019842775603], [604.9253421111749], [-1057.7191471094898]]
[[-229.82019842775603], [603.4935661531869], [-1057.7191471094898]]
[[-229.82019842775603], [602.0617901951988], [-1057.7191471094898]]
[[-229.82019842775603], [600.6300142372105], [-1057.7191471094898]]
[[-229.82019842775603], [599.1982382792223], [-1057.7191471094898]]
[[-229.82019842775603], [597.7664623212343], [-1057.7191471094898]]
[[-228.64440026954625], [595.2858232920762], [-1053.7998040510354]]
[[-228.64440026954625], [593.8565656127718], [-1053.7998040510354]]
[[-228.64440026954625], [592.4273079334672], [-1053.7998040510354]]
[[-171.74116885683304], [540.6035135207834], [-864.121598243488]]
[[-171.74116885683304], [539.2961289654465], [-864.121598243488]]
[[-171.74116885683304], [537.9887444101097], [-864.121598243488]]
[[-171.74116885683304], [536.6813598547728], [-864.121598243488]]
[[-171.74116885683304], [535.3739752994359], [-864.121598243488]]
[[-171.74116885683304], [534.0665907440991], [-864.121598243488]]
[[-171.74116885683304], [532.7592061887623], [-864.121598243488]]
[[-171.74116885683304], [531.4518216334254], [-864.121598243488]]
[[-171.74116885683304], [530.1444370780886], [-864.121598243488]]
[[-171.74116885683304], [528.8370525227517], [-864.121598243488]]
[[-171.74116885683304], [527.5296679674149], [-864.121598243488]]
[[-171.74116885683304], [526.222283412078], [-864.121598243488]]
[[-171.74116885683304], [524.9148988567412], [-864.121598243488]]
[[-171.74116885683304], [523.6075143014044], [-864.121598243488]]
[[-171.74116885683304], [522.3001297460675], [-864.121598243488]]
[[-171.74116885683304], [520.9927451907307], [-864.121598243488]]
[[-171.74116885683304], [519.6853606353939], [-864.121598243488]]
[[-171.74116885683304], [518.377976080057], [-864.121598243488]]
[[-171.74116885683304], [517.0705915247202], [-864.121598243488]]
[[-171.74116885683304], [515.7632069693833], [-864.121598243488]]
[[-171.74116885683304], [514.4558224140465], [-864.121598243488]]
[[-171.74116885683304], [513.1484378587096], [-864.121598243488]]
[[-171.74116885683304], [511.84105330337275], [-864.121598243488]]
[[-171.74116885683304], [510.5336687480359], [-864.121598243488]]
[[-226.30516877069235], [554.7444417851385], [-1046.0023341595104]]
[[-228.64440026954625], [555.2666082715501], [-1053.7998040510354]]
[[-228.64440026954625], [553.8373505922456], [-1053.7998040510354]]
[[-228.64440026954625], [552.408092912941], [-1053.7998040510354]]
[[-228.64440026954625], [550.9788352336366], [-1053.7998040510354]]
[[-228.64440026954625], [549.549577554332], [-1053.7998040510354]]
[[-228.64440026954625], [548.1203198750276], [-1053.7998040510354]]
[[-228.64440026954625], [546.6910621957231], [-1053.7998040510354]]
[[-228.64440026954625], [545.2618045164185], [-1053.7998040510354]]
[[-228.64440026954625], [543.832546837114], [-1053.7998040510354]]
[[-228.64440026954625], [542.4032891578095], [-1053.7998040510354]]
[[-228.64440026954625], [540.974031478505], [-1053.7998040510354]]
[[-228.64440026954625], [539.5447737992006], [-1053.7998040510354]]
[[-228.64440026954625], [538.115516119896], [-1053.7998040510354]]
[[-228.64440026954625], [536.6862584405915], [-1053.7998040510354]]
[[-228.64440026954625], [535.257000761287], [-1053.7998040510354]]
[[-173.71170122674897], [489.8844542373278], [-870.6900660638908]]
[[-173.71170122674897], [488.5728492725372], [-870.6900660638908]]
[[-172.7248473200039], [486.47603995876585], [-867.40053972631]]
[[-172.7248473200039], [485.1665485992228], [-867.40053972631]]
[[-172.7248473200039], [483.8570572396797], [-867.40053972631]]
[[-172.7248473200039], [482.54756588013674], [-867.40053972631]]
[[-172.7248473200039], [481.2380745205936], [-867.40053972631]]
[[-172.7248473200039], [479.9285831610506], [-867.40053972631]]
[[-172.7248473200039], [478.6190918015076], [-867.40053972631]]
[[-173.71170122674897], [478.0800095542128], [-870.6900660638908]]
[[-173.71170122674897], [476.76840458942223], [-870.6900660638908]]
[[-173.71170122674897], [475.4567996246317], [-870.6900660638908]]
[[-175.694997074649], [475.6807547560359], [-877.3010789831183]]
[[-175.694997074649], [474.3649020454718], [-877.3010789831183]]
[[-175.694997074649], [473.04904933490764], [-877.3010789831183]]
[[-175.694997074649], [471.7331966243436], [-877.3010789831183]]
[[-174.70174597805138], [469.6568318406848], [-873.9902285930485]]
[[-173.71170122674897], [467.5871698358883], [-870.6900660638908]]
[[-173.71170122674897], [466.27556487109774], [-870.6900660638908]]
[[-173.71170122674897], [464.96395990630714], [-870.6900660638908]]
[[-173.71170122674897], [463.6523549415167], [-870.6900660638908]]
[[-174.70174597805138], [463.0882048203616], [-873.9902285930485]]
[[-416.7075049163466], [643.9634339590555], [-1680.6793569762578]]
[[-416.7075049163466], [642.1313900495608], [-1680.6793569762578]]
[[-174.70174597805138], [459.1470286081678], [-873.9902285930485]]
[[-174.70174597805138], [457.8333032041031], [-873.9902285930485]]
[[-174.70174597805138], [456.5195778000385], [-873.9902285930485]]
[[-174.70174597805138], [455.2058523959739], [-873.9902285930485]]
[[-174.70174597805138], [453.8921269919093], [-873.9902285930485]]
[[-174.70174597805138], [452.5784015878446], [-873.9902285930485]]
[[-173.71170122674897], [450.536305293611], [-870.6900660638908]]
[[-173.71170122674897], [449.22470032882046], [-870.6900660638908]]
[[-173.71170122674897], [447.9130953640299], [-870.6900660638908]]
[[-173.71170122674897], [446.6014903992393], [-870.6900660638908]]
[[-174.70174597805138], [446.00977456752145], [-873.9902285930485]]
[[-174.70174597805138], [444.69604916345685], [-873.9902285930485]]
[[-174.70174597805138], [443.38232375939225], [-873.9902285930485]]
[[-175.694997074649], [442.78443699193275], [-877.3010789831183]]
[[-175.694997074649], [441.46858428136863], [-877.3010789831183]]
[[-176.69147011784347], [440.8666238583845], [-880.6226692386495]]
[[-177.691180810317], [440.26270760052574], [-883.9550517021285]]
[[-178.69414495695747], [439.6568259602014], [-887.2982790567274]]
[[-178.69414495695747], [438.3345497915561], [-887.2982790567274]]
[[-178.69414495695747], [437.0122736229109], [-887.2982790567274]]
[[-178.69414495695747], [435.6899974542657], [-887.2982790567274]]
[[-178.69414495695747], [434.3677212856206], [-887.2982790567274]]
[[-178.69414495695747], [433.04544511697526], [-887.2982790567274]]
[[-178.69414495695747], [431.72316894833006], [-887.2982790567274]]
[[-178.69414495695747], [430.4008927796849], [-887.2982790567274]]
[[-178.69414495695747], [429.0786166110397], [-887.2982790567274]]
[[-178.69414495695747], [427.7563404423945], [-887.2982790567274]]
[[-178.69414495695747], [426.43406427374924], [-887.2982790567274]]
[[-178.69414495695747], [425.11178810510404], [-887.2982790567274]]
[[-178.69414495695747], [423.7895119364588], [-887.2982790567274]]
[[-178.69414495695747], [422.4672357678136], [-887.2982790567274]]
[[-179.70037846569096], [421.8313626827764], [-890.6524043290815]]
[[-179.70037846569096], [420.5069314024072], [-890.6524043290815]]
[[-179.70037846569096], [419.18250012203805], [-890.6524043290815]]
[[-179.70037846569096], [417.8580688416689], [-890.6524043290815]]
[[-179.70037846569096], [416.53363756129966], [-890.6524043290815]]
[[-179.70037846569096], [415.20920628093046], [-890.6524043290815]]
[[-179.70037846569096], [413.8847750005612], [-890.6524043290815]]
[[-179.70037846569096], [412.560343720192], [-890.6524043290815]]
[[-179.70037846569096], [411.2359124398228], [-890.6524043290815]]
[[-178.69414495695747], [409.2444740813615], [-887.2982790567274]]
[[-178.69414495695747], [407.92219791271623], [-887.2982790567274]]
[[-178.69414495695747], [406.599921744071], [-887.2982790567274]]
[[-178.69414495695747], [405.2776455754258], [-887.2982790567274]]
[[-342.71680464511167], [511.2767072619008], [-1434.0426910881356]]
[[-344.3294249219746], [510.65483024673944], [-1439.4181137692433]]
[[-344.3294249219746], [508.9778028889713], [-1439.4181137692433]]
[[-342.71680464511167], [506.25598673043], [-1434.0426910881356]]
[[-342.71680464511167], [504.5824132199397], [-1434.0426910881356]]
[[-341.11081311736734], [501.87522486080456], [-1428.689364326861]]
[[-341.11081311736734], [500.20509100039556], [-1428.689364326861]]
[[-339.5114095509089], [497.51243337838315], [-1423.357997525428]]
[[-339.5114095509089], [495.84572505821666], [-1423.357997525428]]
[[-339.5114095509089], [494.1790167380501], [-1423.357997525428]]
[[-337.91855349185136], [491.50420513149504], [-1418.048455837006]]
[[-337.91855349185136], [489.8409083283747], [-1418.048455837006]]
[[-337.91855349185136], [488.1776115252543], [-1418.048455837006]]
[[-337.91855349185136], [486.5143147221339], [-1418.048455837006]]
[[-337.91855349185136], [484.85101791901354], [-1418.048455837006]]
[[-337.91855349185136], [483.18772111589317], [-1418.048455837006]]
[[-337.91855349185136], [481.5244243127728], [-1418.048455837006]]
[[-337.91855349185136], [479.8611275096524], [-1418.048455837006]]
[[-337.91855349185136], [478.1978307065321], [-1418.048455837006]]
[[-337.91855349185136], [476.5345339034118], [-1418.048455837006]]
[[-337.91855349185136], [474.87123710029135], [-1418.048455837006]]
[[-337.91855349185136], [473.207940297171], [-1418.048455837006]]
[[-337.91855349185136], [471.5446434940506], [-1418.048455837006]]
[[-337.91855349185136], [469.8813466909302], [-1418.048455837006]]
[[-337.91855349185136], [468.2180498878098], [-1418.048455837006]]
[[-337.91855349185136], [466.5547530846894], [-1418.048455837006]]
[[-337.91855349185136], [464.89145628156905], [-1418.048455837006]]
[[-337.91855349185136], [463.22815947844873], [-1418.048455837006]]
[[-337.91855349185136], [461.56486267532836], [-1418.048455837006]]
[[-337.91855349185136], [459.90156587220804], [-1418.048455837006]]
[[-337.91855349185136], [458.2382690690876], [-1418.048455837006]]
[[-334.75232372971533], [454.7135033473602], [-1407.494313909624]]
[[-227.47273095374882], [390.2156444909266], [-1049.8942238563302]]
[[-227.47273095374882], [388.7888962473118], [-1049.8942238563302]]
[[-227.47273095374882], [387.3621480036972], [-1049.8942238563302]]
[[-227.47273095374882], [385.93539976008253], [-1049.8942238563302]]
[[-227.47273095374882], [384.50865151646786], [-1049.8942238563302]]
[[-227.47273095374882], [383.0819032728532], [-1049.8942238563302]]
[[-227.47273095374882], [381.6551550292385], [-1049.8942238563302]]
[[-227.47273095374882], [380.22840678562386], [-1049.8942238563302]]
[[-228.64440026954625], [379.46791371709594], [-1053.7998040510354]]
[[-228.64440026954625], [378.03865603779144], [-1053.7998040510354]]
[[-228.64440026954625], [376.60939835848694], [-1053.7998040510354]]
[[-228.64440026954625], [375.1801406791824], [-1053.7998040510354]]
[[-228.64440026954625], [373.75088299987794], [-1053.7998040510354]]
[[-228.64440026954625], [372.32162532057345], [-1053.7998040510354]]
[[-228.64440026954625], [370.89236764126895], [-1053.7998040510354]]
[[-228.64440026954625], [369.46310996196445], [-1053.7998040510354]]
[[-228.64440026954625], [368.0338522826599], [-1053.7998040510354]]
[[-228.64440026954625], [366.6045946033554], [-1053.7998040510354]]
[[-228.64440026954625], [365.1753369240509], [-1053.7998040510354]]
[[-227.47273095374882], [363.1074278622476], [-1049.8942238563302]]
[[-227.47273095374882], [361.6806796186329], [-1049.8942238563302]]
[[-227.47273095374882], [360.2539313750183], [-1049.8942238563302]]
[[-227.47273095374882], [358.82718313140356], [-1049.8942238563302]]
[[-227.47273095374882], [357.4004348877889], [-1049.8942238563302]]
[[-227.47273095374882], [355.9736866441742], [-1049.8942238563302]]
[[-226.30516877069235], [353.92552956167293], [-1046.0023341595104]]
[[-226.30516877069235], [352.50128195725114], [-1046.0023341595104]]
[[-226.30516877069235], [351.07703435282946], [-1046.0023341595104]]
[[-226.30516877069235], [349.65278674840766], [-1046.0023341595104]]
[[-226.30516877069235], [348.228539143986], [-1046.0023341595104]]
[[-226.30516877069235], [346.8042915395642], [-1046.0023341595104]]
[[-226.30516877069235], [345.38004393514245], [-1046.0023341595104]]
[[-226.30516877069235], [343.9557963307208], [-1046.0023341595104]]
[[-226.30516877069235], [342.531548726299], [-1046.0023341595104]]
[[-226.30516877069235], [341.1073011218773], [-1046.0023341595104]]
[[-226.30516877069235], [339.6830535174555], [-1046.0023341595104]]
[[-223.98227972246278], [337.0772260151923], [-1038.2593393239]]
[[-169.7832771512571], [308.20472322257774], [-857.5952661414385]]
[[-170.76065053520728], [307.3945042078578], [-860.853190608454]]
[[-169.7832771512571], [305.5983407842468], [-857.5952661414385]]
[[-169.7832771512571], [304.2951495650812], [-857.5952661414385]]
[[-168.80903359848773], [302.50682457115437], [-854.3477744872552]]
[[-169.7832771512571], [301.68876712675024], [-857.5952661414385]]
[[-169.7832771512571], [300.3855759075847], [-857.5952661414385]]
[[-169.7832771512571], [299.0823846884192], [-857.5952661414385]]
[[-169.7832771512571], [297.77919346925364], [-857.5952661414385]]
[[-223.98227972246278], [322.88450070356237], [-1038.2593393239]]
[[-226.30516877069235], [322.59208226439455], [-1046.0023341595104]]
[[-223.98227972246278], [320.04595564123645], [-1038.2593393239]]
[[-226.30516877069235], [319.7435870555511], [-1046.0023341595104]]
[[-226.30516877069235], [318.3193394511293], [-1046.0023341595104]]
[[-226.30516877069235], [316.89509184670766], [-1046.0023341595104]]
[[-226.30516877069235], [315.47084424228586], [-1046.0023341595104]]
[[-226.30516877069235], [314.0465966378642], [-1046.0023341595104]]
[[-226.30516877069235], [312.6223490334424], [-1046.0023341595104]]
[[-226.30516877069235], [311.1981014290206], [-1046.0023341595104]]
[[-226.30516877069235], [309.7738538245989], [-1046.0023341595104]]
[[-226.30516877069235], [308.3496062201771], [-1046.0023341595104]]
[[-226.30516877069235], [306.92535861575544], [-1046.0023341595104]]
[[-226.30516877069235], [305.50111101133365], [-1046.0023341595104]]
[[-226.30516877069235], [304.0768634069119], [-1046.0023341595104]]
[[-226.30516877069235], [302.65261580249023], [-1046.0023341595104]]
[[-226.30516877069235], [301.22836819806844], [-1046.0023341595104]]
[[-226.30516877069235], [299.80412059364676], [-1046.0023341595104]]
[[-226.30516877069235], [298.37987298922496], [-1046.0023341595104]]
[[-137.44520198378962], [257.27456956468313], [-749.8012459293557]]
[[-137.44520198378962], [256.0406387749505], [-749.8012459293557]]
[[-137.44520198378962], [254.8067079852178], [-749.8012459293557]]
[[-137.44520198378962], [253.57277719548512], [-749.8012459293557]]
[[-137.44520198378962], [252.33884640575246], [-749.8012459293557]]
[[-137.44520198378962], [251.1049156160198], [-749.8012459293557]]
[[-136.57168810280115], [249.49213608244966], [-746.8895212068674]]
[[-137.44520198378962], [248.63705403655436], [-749.8012459293557]]
[[-137.44520198378962], [247.40312324682174], [-749.8012459293557]]
[[-138.32137272535994], [246.54356385385142], [-752.7218268896313]]
[[-165.90493230663924], [257.0346190520531], [-844.667397664259]]
[[-138.32137272535994], [244.07194917767248], [-752.7218268896313]]
[[-138.32137272535994], [242.83614183958295], [-752.7218268896313]]
[[-139.20021246754746], [241.96831725350694], [-755.6513045546424]]
[[-166.8698760427216], [252.2570491720423], [-847.8838898040085]]
[[-167.83790486700045], [251.36127868354112], [-851.1106656127051]]
[[-167.83790486700045], [250.06225398693812], [-851.1106656127051]]
[[-167.83790486700045], [248.76322929033512], [-851.1106656127051]]
[[-138.32137272535994], [235.42129781104614], [-752.7218268896313]]
[[-138.32137272535994], [234.18549047295664], [-752.7218268896313]]
[[-138.32137272535994], [232.94968313486714], [-752.7218268896313]]
[[-123.77976821879402], [225.87425543623615], [-704.2496156655752]]
[[-123.77976821879402], [224.66959274010668], [-704.2496156655752]]
[[-123.77976821879402], [223.4649300439773], [-704.2496156655752]]
[[-123.77976821879402], [222.2602673478478], [-704.2496156655752]]
[[-123.77976821879402], [221.05560465171837], [-704.2496156655752]]
[[-123.77976821879402], [219.8509419555889], [-704.2496156655752]]
[[-123.77976821879402], [218.64627925945945], [-704.2496156655752]]
[[-122.94717139194843], [217.1197447320907], [-701.4742816756353]]
[[-122.94717139194843], [215.9168652594052], [-701.4742816756353]]
[[-121.28935070814255], [214.0801937364382], [-695.9481903615191]]
[[-120.46410511974703], [212.56713742439652], [-693.1973605989322]]
[[-118.00289831915394], [210.439188666707], [-684.9933047225286]]
[[-114.75479687167702], [208.02600532118126], [-674.1662560726925]]
[[-113.14034448648107], [730.0101495753424], [-750.0058974786785]]
[[-111.45858973939718], [726.558822280192], [-744.176447381111]]
[[-110.6215330243954], [724.2235880431064], [-741.2749658438072]]
[[-109.78700800752245], [721.89541677803], [-738.3822599070656]]
[[-109.78700800752245], [720.6624613265062], [-738.3822599070656]]
[[-109.78700800752245], [719.4295058749819], [-738.3822599070656]]
[[-109.78700800752245], [718.196550423458], [-738.3822599070656]]
[[-109.78700800752245], [716.963594971934], [-738.3822599070656]]
[[-109.78700800752245], [715.7306395204099], [-738.3822599070656]]
[[-109.78700800752245], [714.497684068886], [-738.3822599070656]]
[[-109.78700800752245], [713.2647286173617], [-738.3822599070656]]
[[-109.78700800752245], [712.0317731658378], [-738.3822599070656]]
[[-109.78700800752245], [710.7988177143137], [-738.3822599070656]]
[[-109.78700800752245], [709.5658622627897], [-738.3822599070656]]
[[-109.78700800752245], [708.3329068112656], [-738.3822599070656]]
[[-109.78700800752245], [707.0999513597416], [-738.3822599070656]]
[[-109.78700800752245], [705.8669959082174], [-738.3822599070656]]
[[-109.78700800752245], [704.6340404566934], [-738.3822599070656]]
[[-109.78700800752245], [703.4010850051694], [-738.3822599070656]]
[[-109.78700800752245], [702.1681295536454], [-738.3822599070656]]
[[-109.78700800752245], [700.9351741021212], [-738.3822599070656]]
[[-109.78700800752245], [699.7022186505972], [-738.3822599070656]]
[[-109.78700800752245], [698.4692631990731], [-738.3822599070656]]
[[-109.78700800752245], [697.2363077475491], [-738.3822599070656]]
[[-109.78700800752245], [696.003352296025], [-738.3822599070656]]
[[-109.78700800752245], [694.770396844501], [-738.3822599070656]]
[[-109.78700800752245], [693.537441392977], [-738.3822599070656]]
[[-109.78700800752245], [692.3044859414529], [-738.3822599070656]]
[[-109.78700800752245], [691.0715304899288], [-738.3822599070656]]
[[-109.78700800752245], [689.8385750384048], [-738.3822599070656]]
[[-108.95500322034884], [687.565839892969], [-735.4982898179812]]
[[-108.95500322034884], [686.3347461776928], [-735.4982898179812]]
[[-108.95500322034884], [685.1036524624163], [-735.4982898179812]]
[[-108.95500322034884], [683.87255874714], [-735.4982898179812]]
[[-108.95500322034884], [682.6414650318636], [-735.4982898179812]]
[[-108.95500322034884], [681.4103713165871], [-735.4982898179812]]
[[-108.95500322034884], [680.1792776013108], [-735.4982898179812]]
[[-108.95500322034884], [678.9481838860344], [-735.4982898179812]]
[[-108.95500322034884], [677.7170901707581], [-735.4982898179812]]
[[-108.95500322034884], [676.4859964554817], [-735.4982898179812]]
[[-108.95500322034884], [675.2549027402054], [-735.4982898179812]]
[[-108.95500322034884], [674.0238090249288], [-735.4982898179812]]
[[-108.95500322034884], [672.7927153096524], [-735.4982898179812]]
[[-108.95500322034884], [671.5616215943761], [-735.4982898179812]]
[[-108.95500322034884], [670.3305278790997], [-735.4982898179812]]
[[-108.95500322034884], [669.0994341638234], [-735.4982898179812]]
[[-108.95500322034884], [667.8683404485469], [-735.4982898179812]]
[[-108.95500322034884], [666.6372467332704], [-735.4982898179812]]
[[-108.95500322034884], [665.4061530179941], [-735.4982898179812]]
[[-108.95500322034884], [664.1750593027177], [-735.4982898179812]]
[[-108.95500322034884], [662.9439655874414], [-735.4982898179812]]
[[-108.12550726360917], [660.7152061035214], [-732.6230160633909]]
[[-108.12550726360917], [659.4859685106061], [-732.6230160633909]]
[[-108.12550726360917], [658.2567309176908], [-732.6230160633909]]
[[-108.12550726360917], [657.0274933247754], [-732.6230160633909]]
[[-108.12550726360917], [655.79825573186], [-732.6230160633909]]
[[-108.12550726360917], [654.5690181389446], [-732.6230160633909]]
[[-108.12550726360917], [653.3397805460293], [-732.6230160633909]]
[[-108.12550726360917], [652.1105429531138], [-732.6230160633909]]
[[-108.12550726360917], [650.8813053601984], [-732.6230160633909]]
[[-108.12550726360917], [649.6520677672833], [-732.6230160633909]]
[[-108.12550726360917], [648.4228301743678], [-732.6230160633909]]
[[-108.12550726360917], [647.1935925814524], [-732.6230160633909]]
[[-108.12550726360917], [645.9643549885371], [-732.6230160633909]]
[[-108.12550726360917], [644.7351173956216], [-732.6230160633909]]
[[-108.12550726360917], [643.5058798027063], [-732.6230160633909]]
[[-108.12550726360917], [642.2766422097909], [-732.6230160633909]]
[[-108.12550726360917], [641.0474046168756], [-732.6230160633909]]
[[-108.12550726360917], [639.8181670239603], [-732.6230160633909]]
[[-108.12550726360917], [638.5889294310449], [-732.6230160633909]]
[[-108.12550726360917], [637.3596918381296], [-732.6230160633909]]
[[-108.12550726360917], [636.1304542452142], [-732.6230160633909]]
[[-108.12550726360917], [634.9012166522988], [-732.6230160633909]]
[[-108.12550726360917], [633.6719790593834], [-732.6230160633909]]
[[-108.12550726360917], [632.4427414664681], [-732.6230160633909]]
[[-108.12550726360917], [631.2135038735527], [-732.6230160633909]]
[[-108.12550726360917], [629.9842662806374], [-732.6230160633909]]
[[-108.12550726360917], [628.755028687722], [-732.6230160633909]]
[[-108.12550726360917], [627.5257910948067], [-732.6230160633909]]
[[-108.12550726360917], [626.2965535018913], [-732.6230160633909]]
[[-108.12550726360917], [625.0673159089758], [-732.6230160633909]]
[[-108.12550726360917], [623.8380783160605], [-732.6230160633909]]
[[-108.12550726360917], [622.6088407231451], [-732.6230160633909]]
[[-108.12550726360917], [621.37960313023], [-732.6230160633909]]
[[-108.12550726360917], [620.1503655373144], [-732.6230160633909]]
[[-108.12550726360917], [618.9211279443991], [-732.6230160633909]]
[[-108.12550726360917], [617.6918903514837], [-732.6230160633909]]
[[-108.12550726360917], [616.4626527585684], [-732.6230160633909]]
[[-108.12550726360917], [615.233415165653], [-732.6230160633909]]
[[-108.12550726360917], [614.0041775727376], [-732.6230160633909]]
[[-107.29850880668127], [611.8524488667896], [-729.7563993680694]]
[[-107.29850880668127], [610.6250618077025], [-729.7563993680694]]
[[-107.29850880668127], [609.3976747486156], [-729.7563993680694]]
[[-107.29850880668127], [608.1702876895285], [-729.7563993680694]]
[[-107.29850880668127], [606.9429006304415], [-729.7563993680694]]
[[-107.29850880668127], [605.7155135713546], [-729.7563993680694]]
[[-106.47399658707025], [603.5794785427856], [-726.8984006929409]]
[[-106.47399658707025], [602.3539364541958], [-726.8984006929409]]
[[-106.47399658707025], [601.128394365606], [-726.8984006929409]]
[[-106.47399658707025], [599.9028522770163], [-726.8984006929409]]
[[-106.47399658707025], [598.6773101884265], [-726.8984006929409]]
[[-106.47399658707025], [597.4517680998367], [-726.8984006929409]]
[[-106.47399658707025], [596.226226011247], [-726.8984006929409]]
[[-106.47399658707025], [595.0006839226572], [-726.8984006929409]]
[[-106.47399658707025], [593.7751418340674], [-726.8984006929409]]
[[-106.47399658707025], [592.5495997454777], [-726.8984006929409]]
[[-106.47399658707025], [591.3240576568879], [-726.8984006929409]]
[[-106.47399658707025], [590.0985155682981], [-726.8984006929409]]
[[-106.47399658707025], [588.8729734797084], [-726.8984006929409]]
[[-106.47399658707025], [587.6474313911186], [-726.8984006929409]]
[[-106.47399658707025], [586.4218893025288], [-726.8984006929409]]
[[-106.47399658707025], [585.196347213939], [-726.8984006929409]]
[[-106.47399658707025], [583.9708051253493], [-726.8984006929409]]
[[-106.47399658707025], [582.7452630367596], [-726.8984006929409]]
[[-106.47399658707025], [581.5197209481698], [-726.8984006929409]]
[[-106.47399658707025], [580.29417885958], [-726.8984006929409]]
[[-106.47399658707025], [579.0686367709903], [-726.8984006929409]]
[[-106.47399658707025], [577.8430946824005], [-726.8984006929409]]
[[-106.47399658707025], [576.6175525938107], [-726.8984006929409]]
[[-106.47399658707025], [575.392010505221], [-726.8984006929409]]
[[-106.47399658707025], [574.1664684166312], [-726.8984006929409]]
[[-106.47399658707025], [572.9409263280414], [-726.8984006929409]]
[[-106.47399658707025], [571.7153842394516], [-726.8984006929409]]
[[-106.47399658707025], [570.4898421508619], [-726.8984006929409]]
[[-106.47399658707025], [569.2643000622721], [-726.8984006929409]]
[[-106.47399658707025], [568.0387579736823], [-726.8984006929409]]
[[-106.47399658707025], [566.8132158850926], [-726.8984006929409]]
[[-106.47399658707025], [565.5876737965029], [-726.8984006929409]]
[[-106.47399658707025], [564.362131707913], [-726.8984006929409]]
[[-106.47399658707025], [563.1365896193232], [-726.8984006929409]]
[[-107.29850880668127], [562.7569665033097], [-729.7563993680694]]
[[-107.29850880668127], [561.5295794442226], [-729.7563993680694]]
[[-107.29850880668127], [560.3021923851356], [-729.7563993680694]]
[[-107.29850880668127], [559.0748053260486], [-729.7563993680694]]
[[-107.29850880668127], [557.8474182669617], [-729.7563993680694]]
[[-107.29850880668127], [556.6200312078746], [-729.7563993680694]]
[[-107.29850880668127], [555.3926441487877], [-729.7563993680694]]
[[-107.29850880668127], [554.1652570897006], [-729.7563993680694]]
[[-107.29850880668127], [552.9378700306136], [-729.7563993680694]]
[[-107.29850880668127], [551.7104829715266], [-729.7563993680694]]
[[-107.29850880668127], [550.4830959124396], [-729.7563993680694]]
[[-107.29850880668127], [549.2557088533526], [-729.7563993680694]]
[[-107.29850880668127], [548.0283217942656], [-729.7563993680694]]
[[-107.29850880668127], [546.8009347351785], [-729.7563993680694]]
[[-106.47399658707025], [544.7534582904768], [-726.8984006929409]]
[[-106.47399658707025], [543.527916201887], [-726.8984006929409]]
[[-106.47399658707025], [542.3023741132972], [-726.8984006929409]]
[[-106.47399658707025], [541.0768320247075], [-726.8984006929409]]
[[-106.47399658707025], [539.8512899361177], [-726.8984006929409]]
[[-106.47399658707025], [538.6257478475279], [-726.8984006929409]]
[[-106.47399658707025], [537.4002057589383], [-726.8984006929409]]
[[-106.47399658707025], [536.1746636703485], [-726.8984006929409]]
[[-106.47399658707025], [534.9491215817587], [-726.8984006929409]]
[[-106.47399658707025], [533.7235794931689], [-726.8984006929409]]
[[-105.65195940989747], [531.6988041069867], [-724.048981233306]]
[[-105.65195940989747], [530.4751014506132], [-724.048981233306]]
[[-105.65195940989747], [529.2513987942399], [-724.048981233306]]
[[-105.65195940989747], [528.0276961378664], [-724.048981233306]]
[[-105.65195940989747], [526.803993481493], [-724.048981233306]]
[[-104.83238614739352], [524.7926226856771], [-721.2081024170861]]
[[-104.83238614739352], [523.5707539481392], [-721.2081024170861]]
[[-104.83238614739352], [522.3488852106013], [-721.2081024170861]]
[[-104.83238614739352], [521.1270164730632], [-721.2081024170861]]
[[-104.83238614739352], [519.9051477355254], [-721.2081024170861]]
[[-104.01526573839647], [517.9071103760793], [-718.375725903084]]
[[-104.01526573839647], [516.687070068747], [-718.375725903084]]
[[-104.01526573839647], [515.4670297614148], [-718.375725903084]]
[[-104.01526573839647], [514.2469894540825], [-718.375725903084]]
[[-104.01526573839647], [513.0269491467503], [-718.375725903084]]
[[-104.01526573839647], [511.806908839418], [-718.375725903084]]
[[-104.83238614739352], [511.3520665727598], [-721.2081024170861]]
[[-104.83238614739352], [510.1301978352219], [-721.2081024170861]]
[[-104.83238614739352], [508.9083290976839], [-721.2081024170861]]
[[-104.83238614739352], [507.686460360146], [-721.2081024170861]]
[[-104.83238614739352], [506.4645916226081], [-721.2081024170861]]
[[-104.83238614739352], [505.24272288507007], [-721.2081024170861]]
[[-104.83238614739352], [504.02085414753213], [-721.2081024170861]]
[[-104.83238614739352], [502.79898540999426], [-721.2081024170861]]
[[-104.83238614739352], [501.5771166724563], [-721.2081024170861]]
[[-104.83238614739352], [500.3552479349184], [-721.2081024170861]]
[[-104.83238614739352], [499.13337919738046], [-721.2081024170861]]
[[-104.83238614739352], [497.91151045984253], [-721.2081024170861]]
[[-104.83238614739352], [496.6896417223046], [-721.2081024170861]]
[[-104.83238614739352], [495.4677729847666], [-721.2081024170861]]
[[-104.83238614739352], [494.24590424722874], [-721.2081024170861]]
[[-104.83238614739352], [493.0240355096907], [-721.2081024170861]]
[[-105.65195940989747], [492.5403191030369], [-724.048981233306]]
[[-105.65195940989747], [491.31661644666343], [-724.048981233306]]
[[-105.65195940989747], [490.0929137902901], [-724.048981233306]]
[[-105.65195940989747], [488.86921113391656], [-724.048981233306]]
[[-105.65195940989747], [487.6455084775432], [-724.048981233306]]
[[-105.65195940989747], [486.42180582116976], [-724.048981233306]]
[[-105.65195940989747], [485.1981031647963], [-724.048981233306]]
[[-105.65195940989747], [483.9744005084229], [-724.048981233306]]
[[-105.65195940989747], [482.7506978520494], [-724.048981233306]]
[[-105.65195940989747], [481.526995195676], [-724.048981233306]]
[[-105.65195940989747], [480.30329253930256], [-724.048981233306]]
[[-105.65195940989747], [479.07958988292916], [-724.048981233306]]
[[-105.65195940989747], [477.8558872265557], [-724.048981233306]]
[[-105.65195940989747], [476.6321845701823], [-724.048981233306]]
[[-105.65195940989747], [475.4084819138088], [-724.048981233306]]
[[-105.65195940989747], [474.1847792574355], [-724.048981233306]]
[[-105.65195940989747], [472.96107660106196], [-724.048981233306]]
[[-105.65195940989747], [471.73737394468856], [-724.048981233306]]
[[-105.65195940989747], [470.5136712883151], [-724.048981233306]]
[[-105.65195940989747], [469.2899686319417], [-724.048981233306]]
[[-105.65195940989747], [468.0662659755683], [-724.048981233306]]
[[-105.65195940989747], [466.8425633191948], [-724.048981233306]]
[[-105.65195940989747], [465.6188606628214], [-724.048981233306]]
[[-105.65195940989747], [464.3951580064479], [-724.048981233306]]
[[-105.65195940989747], [463.17145535007444], [-724.048981233306]]
[[-105.65195940989747], [461.9477526937011], [-724.048981233306]]
[[-105.65195940989747], [460.72405003732763], [-724.048981233306]]
[[-105.65195940989747], [459.5003473809542], [-724.048981233306]]
[[-105.65195940989747], [458.27664472458076], [-724.048981233306]]
[[-105.65195940989747], [457.0529420682074], [-724.048981233306]]
[[-105.65195940989747], [455.8292394118339], [-724.048981233306]]
[[-105.65195940989747], [454.60553675546055], [-724.048981233306]]
[[-105.65195940989747], [453.3818340990871], [-724.048981233306]]
[[-105.65195940989747], [452.1581314427136], [-724.048981233306]]
[[-104.83238614739352], [450.258629695863], [-721.2081024170861]]
[[-104.83238614739352], [449.0367609583251], [-721.2081024170861]]
[[-104.83238614739352], [447.81489222078716], [-721.2081024170861]]
[[-104.83238614739352], [446.5930234832492], [-721.2081024170861]]
[[-104.83238614739352], [445.3711547457113], [-721.2081024170861]]
[[-104.83238614739352], [444.14928600817336], [-721.2081024170861]]
[[-104.01526573839647], [442.2646113214792], [-718.375725903084]]
[[-104.01526573839647], [441.044571014147], [-718.375725903084]]
[[-104.01526573839647], [439.8245307068148], [-718.375725903084]]
[[-104.01526573839647], [438.6044903994825], [-718.375725903084]]
[[-104.01526573839647], [437.38445009215025], [-718.375725903084]]
[[-103.20058718785407], [435.512699376245], [-715.5518135792564]]
[[-103.20058718785407], [434.29448203509173], [-715.5518135792564]]
[[-103.20058718785407], [433.0762646939384], [-715.5518135792564]]
[[-103.20058718785407], [431.8580473527851], [-715.5518135792564]]
[[-103.20058718785407], [430.63983001163183], [-715.5518135792564]]
[[-103.20058718785407], [429.42161267047845], [-715.5518135792564]]
[[-104.01526573839647], [428.84416794082443], [-718.375725903084]]
[[-104.01526573839647], [427.6241276334922], [-718.375725903084]]
[[-104.01526573839647], [426.4040873261599], [-718.375725903084]]
[[-104.01526573839647], [425.18404701882764], [-718.375725903084]]
[[-104.01526573839647], [423.96400671149536], [-718.375725903084]]
[[-104.01526573839647], [422.7439664041632], [-718.375725903084]]
[[-104.01526573839647], [421.52392609683085], [-718.375725903084]]
[[-104.01526573839647], [420.3038857894986], [-718.375725903084]]
[[-104.01526573839647], [419.08384548216634], [-718.375725903084]]
[[-104.01526573839647], [417.8638051748341], [-718.375725903084]]
[[-104.83238614739352], [417.2681737823388], [-721.2081024170861]]
[[-104.83238614739352], [416.0463050448008], [-721.2081024170861]]
[[-104.83238614739352], [414.8244363072629], [-721.2081024170861]]
[[-104.83238614739352], [413.6025675697249], [-721.2081024170861]]
[[-104.83238614739352], [412.3806988321871], [-721.2081024170861]]
[[-104.83238614739352], [411.15883009464903], [-721.2081024170861]]
[[-104.83238614739352], [409.93696135711116], [-721.2081024170861]]
[[-104.83238614739352], [408.7150926195732], [-721.2081024170861]]
[[-104.83238614739352], [407.4932238820353], [-721.2081024170861]]
[[-104.83238614739352], [406.27135514449736], [-721.2081024170861]]
[[-104.83238614739352], [405.04948640695943], [-721.2081024170861]]
[[-104.83238614739352], [403.82761766942144], [-721.2081024170861]]
[[-104.83238614739352], [402.60574893188357], [-721.2081024170861]]
[[-104.83238614739352], [401.3838801943456], [-721.2081024170861]]
[[-104.83238614739352], [400.16201145680765], [-721.2081024170861]]
[[-104.83238614739352], [398.9401427192697], [-721.2081024170861]]
[[-104.83238614739352], [397.7182739817318], [-721.2081024170861]]
[[-104.83238614739352], [396.49640524419385], [-721.2081024170861]]
[[-104.01526573839647], [394.68303933552124], [-718.375725903084]]
[[-104.01526573839647], [393.46299902818896], [-718.375725903084]]
[[-104.01526573839647], [392.2429587208567], [-718.375725903084]]
[[-104.01526573839647], [391.02291841352445], [-718.375725903084]]
[[-103.20058718785407], [389.2204404124192], [-715.5518135792564]]
[[-103.20058718785407], [388.0022230712659], [-715.5518135792564]]
[[-103.20058718785407], [386.7840057301126], [-715.5518135792564]]
[[-103.20058718785407], [385.5657883889593], [-715.5518135792564]]
[[-102.38833956633053], [383.7741414032304], [-712.7363275610069]]
[[-102.38833956633053], [382.5577415886856], [-712.7363275610069]]
[[-102.38833956633053], [381.34134177414074], [-712.7363275610069]]
[[-102.38833956633053], [380.1249419595959], [-712.7363275610069]]
[[-102.38833956633053], [378.90854214505106], [-712.7363275610069]]
[[-102.38833956633053], [377.69214233050616], [-712.7363275610069]]
[[-102.38833956633053], [376.47574251596143], [-712.7363275610069]]
[[-101.57851200951795], [374.7003063507907], [-709.9292301894907]]
[[-101.57851200951795], [373.48571864759447], [-709.9292301894907]]
[[-101.57851200951795], [372.2711309443981], [-709.9292301894907]]
[[-101.57851200951795], [371.05654324120184], [-709.9292301894907]]
[[-101.57851200951795], [369.84195553800555], [-709.9292301894907]]
[[-101.57851200951795], [368.62736783480926], [-709.9292301894907]]
[[-101.57851200951795], [367.4127801316129], [-709.9292301894907]]
[[-101.57851200951795], [366.1981924284167], [-709.9292301894907]]
[[-101.57851200951795], [364.98360472522035], [-709.9292301894907]]
[[-101.57851200951795], [363.76901702202406], [-709.9292301894907]]
[[-101.57851200951795], [362.5544293188278], [-709.9292301894907]]
[[-101.57851200951795], [361.33984161563154], [-709.9292301894907]]
[[-101.57851200951795], [360.1252539124352], [-709.9292301894907]]
[[-101.57851200951795], [358.9106662092389], [-709.9292301894907]]
[[-101.57851200951795], [357.6960785060426], [-709.9292301894907]]
[[-101.57851200951795], [356.48149080284634], [-709.9292301894907]]
[[-102.38833956633053], [355.79694566869927], [-712.7363275610069]]
[[-102.38833956633053], [354.5805458541544], [-712.7363275610069]]
[[-102.38833956633053], [353.3641460396095], [-712.7363275610069]]
[[-102.38833956633053], [352.14774622506474], [-712.7363275610069]]
[[-102.38833956633053], [350.93134641051995], [-712.7363275610069]]
[[-102.38833956633053], [349.7149465959751], [-712.7363275610069]]
[[-102.38833956633053], [348.49854678143026], [-712.7363275610069]]
[[-102.38833956633053], [347.2821469668855], [-712.7363275610069]]
[[-102.38833956633053], [346.06574715234063], [-712.7363275610069]]
[[-102.38833956633053], [344.8493473377958], [-712.7363275610069]]
[[-102.38833956633053], [343.63294752325095], [-712.7363275610069]]
[[-102.38833956633053], [342.41654770870616], [-712.7363275610069]]
[[-102.38833956633053], [341.2001478941613], [-712.7363275610069]]
[[-101.57851200951795], [339.4772629580982], [-709.9292301894907]]
[[-101.57851200951795], [338.2626752549019], [-709.9292301894907]]
[[-101.57851200951795], [337.04808755170563], [-709.9292301894907]]
[[-101.57851200951795], [335.83349984850935], [-709.9292301894907]]
[[-101.57851200951795], [334.61891214531306], [-709.9292301894907]]
[[-101.57851200951795], [333.4043244421168], [-709.9292301894907]]
[[-101.57851200951795], [332.1897367389205], [-709.9292301894907]]
[[-101.57851200951795], [330.97514903572414], [-709.9292301894907]]
[[-101.57851200951795], [329.7605613325279], [-709.9292301894907]]
[[-101.57851200951795], [328.54597362933157], [-709.9292301894907]]
[[-101.57851200951795], [327.33138592613534], [-709.9292301894907]]
[[-101.57851200951795], [326.116798222939], [-709.9292301894907]]
[[-100.77109371775174], [324.4189128520672], [-707.1304840299357]]
[[-100.77109371775174], [323.2061318691254], [-707.1304840299357]]
[[-100.77109371775174], [321.9933508861836], [-707.1304840299357]]
[[-100.77109371775174], [320.7805699032417], [-707.1304840299357]]
[[-100.77109371775174], [319.5677889202999], [-707.1304840299357]]
[[-100.77109371775174], [318.3550079373581], [-707.1304840299357]]
[[-100.77109371775174], [317.1422269544163], [-707.1304840299357]]
[[-100.77109371775174], [315.9294459714745], [-707.1304840299357]]
[[-100.77109371775174], [314.71666498853267], [-707.1304840299357]]
[[-100.77109371775174], [313.50388400559086], [-707.1304840299357]]
[[-100.77109371775174], [312.291103022649], [-707.1304840299357]]
[[-100.77109371775174], [311.0783220397072], [-707.1304840299357]]
[[-100.77109371775174], [309.8655410567654], [-707.1304840299357]]
[[-100.77109371775174], [308.6527600738236], [-707.1304840299357]]
[[-100.77109371775174], [307.4399790908817], [-707.1304840299357]]
[[-100.77109371775174], [306.2271981079399], [-707.1304840299357]]
[[-100.77109371775174], [305.0144171249981], [-707.1304840299357]]
[[-100.77109371775174], [303.80163614205634], [-707.1304840299357]]
[[-100.77109371775174], [302.58885515911453], [-707.1304840299357]]
[[-100.77109371775174], [301.3760741761727], [-707.1304840299357]]
[[-99.96607395553062], [299.71745828090366], [-704.3400518699784]]
[[-99.96607395553062], [298.5064786511445], [-704.3400518699784]]
[[-99.96607395553062], [297.29549902138547], [-704.3400518699784]]
[[-99.96607395553062], [296.0845193916264], [-704.3400518699784]]
[[-99.96607395553062], [294.8735397618672], [-704.3400518699784]]
[[-99.96607395553062], [293.6625601321082], [-704.3400518699784]]
[[-99.96607395553062], [292.4515805023491], [-704.3400518699784]]
[[-99.96607395553062], [291.24060087259], [-704.3400518699784]]
[[-99.96607395553062], [290.0296212428309], [-704.3400518699784]]
[[-99.96607395553062], [288.8186416130718], [-704.3400518699784]]
[[-99.96607395553062], [287.6076619833127], [-704.3400518699784]]
[[-99.16344205104087], [285.9719259911345], [-701.5578967180147]]
[[-99.16344205104087], [284.7627423713662], [-701.5578967180147]]
[[-99.16344205104087], [283.55355875159785], [-701.5578967180147]]
[[-99.16344205104087], [282.34437513182957], [-701.5578967180147]]
[[-99.16344205104087], [281.1351915120612], [-701.5578967180147]]
[[-99.16344205104087], [279.9260078922929], [-701.5578967180147]]
[[-99.16344205104087], [278.71682427252455], [-701.5578967180147]]
[[-99.16344205104087], [277.5076406527562], [-701.5578967180147]]
[[-99.16344205104087], [276.29845703298787], [-701.5578967180147]]
[[-99.16344205104087], [275.08927341321953], [-701.5578967180147]]
[[-99.96607395553062], [274.2868860559626], [-704.3400518699784]]
[[-99.96607395553062], [273.0759064262035], [-704.3400518699784]]
[[-99.96607395553062], [271.8649267964444], [-704.3400518699784]]
[[-99.96607395553062], [270.6539471666853], [-704.3400518699784]]
[[-99.96607395553062], [269.4429675369263], [-704.3400518699784]]
[[-99.96607395553062], [268.2319879071672], [-704.3400518699784]]
[[-99.96607395553062], [267.0210082774081], [-704.3400518699784]]
[[-99.16344205104087], [265.4158044550728], [-701.5578967180147]]
[[-99.16344205104087], [264.2066208353045], [-701.5578967180147]]
[[-99.16344205104087], [262.99743721553614], [-701.5578967180147]]
[[-99.16344205104087], [261.7882535957678], [-701.5578967180147]]
[[-99.16344205104087], [260.57906997599946], [-701.5578967180147]]
[[-99.16344205104087], [259.3698863562311], [-701.5578967180147]]
[[-98.36318739568465], [257.77839030717905], [-698.7839818015656]]
[[-98.36318739568465], [256.57099737794783], [-698.7839818015656]]
[[-98.36318739568465], [255.36360444871661], [-698.7839818015656]]
[[-98.36318739568465], [254.1562115194854], [-698.7839818015656]]
[[-98.36318739568465], [252.94881859025418], [-698.7839818015656]]
[[-99.16344205104087], [252.11478463762109], [-701.5578967180147]]
[[-99.16344205104087], [250.90560101785275], [-701.5578967180147]]
[[-99.16344205104087], [249.6964173980844], [-701.5578967180147]]
[[-99.16344205104087], [248.48723377831607], [-701.5578967180147]]
[[-99.16344205104087], [247.27805015854773], [-701.5578967180147]]
[[-99.16344205104087], [246.06886653877945], [-701.5578967180147]]
[[-99.16344205104087], [244.8596829190111], [-701.5578967180147]]
[[-98.36318739568465], [243.28967515640454], [-698.7839818015656]]
[[-98.36318739568465], [242.08228222717332], [-698.7839818015656]]
[[-98.36318739568465], [240.87488929794213], [-698.7839818015656]]
[[-98.36318739568465], [239.66749636871094], [-698.7839818015656]]
[[-98.36318739568465], [238.46010343947972], [-698.7839818015656]]
[[-98.36318739568465], [237.2527105102485], [-698.7839818015656]]
[[-98.36318739568465], [236.04531758101731], [-698.7839818015656]]
[[-98.36318739568465], [234.8379246517861], [-698.7839818015656]]
[[-99.16344205104087], [233.97703034109605], [-701.5578967180147]]
[[-99.16344205104087], [232.7678467213277], [-701.5578967180147]]
[[-99.16344205104087], [231.55866310155932], [-701.5578967180147]]
[[-99.16344205104087], [230.34947948179104], [-701.5578967180147]]
[[-99.16344205104087], [229.14029586202264], [-701.5578967180147]]
[[-99.16344205104087], [227.93111224225433], [-701.5578967180147]]
[[-99.16344205104087], [226.72192862248596], [-701.5578967180147]]
[[-99.16344205104087], [225.51274500271762], [-701.5578967180147]]
[[-99.16344205104087], [224.30356138294934], [-701.5578967180147]]
[[-99.16344205104087], [223.09437776318097], [-701.5578967180147]]
[[-99.16344205104087], [221.88519414341266], [-701.5578967180147]]
[[-99.16344205104087], [220.6760105236443], [-701.5578967180147]]
[[-99.16344205104087], [219.46682690387595], [-701.5578967180147]]
[[-99.16344205104087], [218.25764328410764], [-701.5578967180147]]
[[-99.16344205104087], [217.04845966433925], [-701.5578967180147]]
[[-99.96607395553062], [216.1598638275261], [-704.3400518699784]]
[[-100.77109371775174], [215.26862438730382], [-707.1304840299357]]
[[-101.57851200951795], [214.37472952888015], [-709.9292301894907]]
[[-102.38833956633053], [213.478167366954], [-712.7363275610069]]
